# EPOCH TRAIN_LOSS VALID_LOSS TRAIN_CER VALID_CER TRAIN_CER_LO TRAIN_CER_UP VALID_CER_LO VALID_CER_UP TRAIN_ET VALID_ET BETTER
1         1.916306   1.972982    91.037    92.979       90.790       91.279       92.785       93.180    0.717    0.033      *
2         1.756679   1.766988    78.598    68.634       78.327       78.899       68.097       69.141    0.700    0.033      *
3         1.706304   1.765333    71.762    69.352       71.558       71.973       68.860       69.834    0.717    0.017
4         1.705239   1.760302    70.249    69.542       70.031       70.454       69.007       70.188    0.717    0.033
5         1.679727   1.730116    69.118    66.301       68.929       69.303       65.556       67.042    0.733    0.033      *
6         1.672606   1.703421    70.193    66.911       70.001       70.387       66.333       67.473    0.750    0.033
7         1.612335   1.679340    67.200    63.902       66.981       67.411       63.208       64.617    0.750    0.033      *
8         1.596441   1.597049    66.164    63.004       65.947       66.370       62.230       63.850    0.767    0.033      *
9         1.500877   1.446363    63.567    59.736       63.324       63.812       58.968       60.513    0.767    0.017      *
10        1.323342   1.248774    56.877    51.105       56.555       57.197       50.084       52.069    0.783    0.033      *
11        1.172162   1.080888    49.488    42.860       49.136       49.835       41.776       44.022    0.800    0.033      *
12        1.042964   0.949887    43.632    37.876       43.207       44.031       36.805       38.967    0.783    0.033      *
13        0.941590   0.830630    39.831    34.811       39.413       40.249       33.675       36.096    0.800    0.033      *
14        0.868034   0.784441    36.994    31.603       36.562       37.432       30.483       32.743    0.800    0.033      *
15        0.818869   0.770833    34.604    32.463       34.147       35.023       31.131       33.816    0.800    0.033
16        0.767993   0.676353    32.396    26.883       31.951       32.820       25.585       28.064    0.800    0.033      *
17        0.723156   0.635734    30.815    25.958       30.389       31.256       24.726       27.248    0.800    0.033      *
18        0.683086   0.587876    29.336    23.431       28.907       29.780       22.233       24.680    0.800    0.033      *
19        0.655028   0.559454    27.640    22.465       27.236       28.063       21.337       23.682    0.817    0.033      *
20        0.624121   0.525396    26.385    20.431       25.952       26.836       19.204       21.536    0.800    0.033      *
21        0.597531   0.512421    25.567    19.936       25.136       26.022       18.824       21.073    0.817    0.033      *
22        0.575327   0.500015    24.472    19.730       24.028       24.923       18.628       20.815    0.800    0.033      *
23        0.547152   0.465013    23.270    18.965       22.796       23.706       17.765       20.101    0.817    0.033      *
24        0.526535   0.447454    22.482    17.558       22.041       22.932       16.406       18.660    0.817    0.033      *
25        0.514243   0.441726    21.892    16.487       21.499       22.364       15.467       17.573    0.817    0.033      *
26        0.493007   0.431172    21.024    17.442       20.612       21.454       16.328       18.603    0.817    0.033
27        0.485306   0.415407    20.432    16.510       20.006       20.861       15.404       17.584    0.817    0.033
28        0.467402   0.430143    19.559    16.190       19.133       20.003       14.993       17.305    0.817    0.033      *
29        0.452357   0.403204    19.125    15.300       18.646       19.555       14.139       16.467    0.817    0.033      *
30        0.442455   0.349064    18.817    13.916       18.374       19.236       12.783       14.990    0.833    0.033      *
31        0.426704   0.396473    18.210    13.904       17.797       18.614       12.805       14.937    0.817    0.033      *
32        0.412848   0.342768    17.693    13.863       17.277       18.122       12.773       14.927    0.817    0.033      *
33        0.402662   0.355000    16.942    14.355       16.504       17.366       13.204       15.438    0.833    0.033
34        0.390273   0.322645    16.572    13.176       16.177       16.971       12.041       14.302    0.817    0.033      *
35        0.388309   0.335639    16.317    12.448       15.912       16.720       11.531       13.403    0.833    0.033      *
36        0.380510   0.321668    16.111    12.491       15.678       16.534       11.362       13.634    0.833    0.033
37        0.364072   0.326274    15.613    12.727       15.175       16.049       11.636       13.759    0.817    0.033
38        0.356168   0.305617    15.136    12.065       14.730       15.553       10.997       13.105    0.817    0.033      *
39        0.357060   0.304930    15.096    11.853       14.669       15.545       10.697       12.848    0.833    0.033      *
40        0.335130   0.341804    14.556    10.963       14.177       14.975       10.012       11.890    0.833    0.033      *
41        0.339456   0.301906    14.329    10.749       13.880       14.760        9.804       11.621    0.817    0.033      *
42        0.330864   0.296694    14.100    10.621       13.689       14.520        9.616       11.555    0.817    0.033      *
43        0.320785   0.279034    13.562    10.473       13.174       13.957        9.388       11.439    0.833    0.033      *
44        0.327315   0.279518    13.494    10.309       13.092       13.890        9.313       11.359    0.817    0.033      *
45        0.310287   0.303697    13.153    10.130       12.766       13.563        9.166       11.004    0.817    0.033      *
46        0.303313   0.274254    13.067    10.685       12.630       13.509        9.688       11.662    0.817    0.033
47        0.300677   0.253565    12.884     9.745       12.478       13.274        8.754       10.638    0.833    0.033      *
48        0.291536   0.268479    12.569     9.841       12.194       12.959        8.869       10.842    0.833    0.033
49        0.285933   0.270759    12.317     9.265       11.867       12.714        8.326       10.182    0.833    0.033      *
50        0.290939   0.269758    12.225     9.474       11.801       12.631        8.472       10.406    0.833    0.033
51        0.278643   0.257176    11.904     8.598       11.519       12.302        7.681        9.357    0.817    0.033      *
52        0.275946   0.255498    11.711     8.861       11.300       12.088        8.065        9.746    0.833    0.033
53        0.275907   0.244655    11.784     8.989       11.384       12.183        8.058        9.853    0.833    0.033
54        0.281223   0.292142    11.830     9.025       11.441       12.217        8.085        9.956    0.817    0.033
55        0.272072   0.226297    11.375     8.886       10.966       11.756        7.897        9.790    0.833    0.033
56        0.255940   0.237514    11.031     9.320       10.662       11.408        8.460       10.229    0.833    0.033
57        0.256376   0.219529    10.979     8.239       10.611       11.339        7.369        9.139    0.817    0.033      *
58        0.253748   0.254227    10.956     8.589       10.560       11.318        7.640        9.443    0.833    0.033
59        0.242647   0.275113    10.575     9.315       10.201       10.918        8.321       10.247    0.817    0.033
60        0.246432   0.246624    10.703     8.796       10.317       11.081        7.883        9.729    0.833    0.033
61        0.246970   0.218623    10.576     8.222       10.218       10.954        7.243        9.061    0.817    0.033      *
62        0.241553   0.240985    10.224     8.054        9.872       10.607        7.158        8.868    0.833    0.033      *
63        0.230391   0.239544    10.073     7.803        9.727       10.427        6.912        8.650    0.833    0.050      *
64        0.238366   0.247806    10.041     8.326        9.673       10.397        7.420        9.088    0.833    0.033
65        0.239322   0.231902    10.137     8.321        9.765       10.512        7.439        9.199    0.833    0.033
66        0.222767   0.203749     9.601     8.259        9.238        9.952        7.268        9.116    0.833    0.033
67        0.231792   0.230620     9.892     7.839        9.539       10.250        6.952        8.719    0.833    0.033
68        0.224307   0.224146     9.520     7.906        9.172        9.871        6.965        8.708    0.833    0.033
69        0.221186   0.243419     9.610     7.600        9.225        9.988        6.661        8.448    0.833    0.033      *
70      866474461844071068434383765504.000000   0.228623     9.410     7.579        9.055        9.778        6.753        8.456    0.833    0.033      *
71        0.212547   0.223005     9.215     7.974        8.857        9.573        7.077        8.850    0.833    0.033
72        0.212123   0.201722     9.057     7.183        8.680        9.415        6.379        7.971    0.833    0.033      *
73        0.205712   0.234254     8.930     7.692        8.591        9.296        6.813        8.461    0.833    0.033
74        0.213573   0.216117     9.267     7.162        8.902        9.603        6.336        7.899    0.850    0.033      *
75        0.203218   0.210682     8.933     7.459        8.562        9.269        6.624        8.229    0.833    0.033
76        0.206554   0.217217     8.927     7.365        8.560        9.266        6.513        8.172    0.850    0.033
77        0.207136   0.205562     8.941     7.278        8.578        9.296        6.417        8.020    0.850    0.033
78        0.198305   0.219744     8.604     7.160        8.254        8.944        6.305        7.954    0.833    0.033      *
79        0.201241   0.185785     8.715     7.331        8.369        9.077        6.484        8.101    0.867    0.033
80        0.192351   0.186619     8.350     6.855        7.982        8.682        6.061        7.568    0.850    0.050      *
81        0.197366   0.195327     8.321     6.955        7.983        8.647        6.122        7.739    0.850    0.033
82        0.184367   0.182819     8.170     6.779        7.813        8.516        5.914        7.537    0.850    0.050      *
83        0.190538   0.224315     8.368     7.188        8.022        8.703        6.371        8.026    0.867    0.033
84        0.186072   0.213655     8.187     6.631        7.861        8.511        5.872        7.361    0.850    0.033      *
85        0.184920   0.173807     8.152     6.678        7.801        8.481        5.838        7.441    0.850    0.050
86        0.184717   0.221109     8.065     6.767        7.720        8.405        5.919        7.533    0.850    0.033
87        0.187357   0.186868     8.040     6.656        7.703        8.384        5.888        7.406    0.833    0.033
88        0.182976   0.227655     7.825     7.236        7.486        8.165        6.368        7.983    0.850    0.033
89        0.181386   0.239915     7.782     6.910        7.445        8.112        6.076        7.751    0.850    0.033
90        0.181373   0.206405     7.840     6.406        7.511        8.165        5.635        7.132    0.850    0.033      *
91        0.178819   0.196557     7.460     6.522        7.103        7.778        5.702        7.259    0.850    0.050
92        0.175295   0.206871     7.612     6.386        7.277        7.930        5.538        7.133    0.850    0.033      *
93        0.168985   0.172653     7.446     6.290        7.100        7.763        5.421        7.092    0.850    0.033      *
94        0.171035   0.211243     7.372     6.568        7.038        7.727        5.664        7.341    0.867    0.033
95        0.175970   0.194423     7.465     6.392        7.136        7.771        5.531        7.187    0.850    0.033
96        0.172488   0.182623     7.358     6.166        7.047        7.698        5.425        6.885    0.867    0.033      *
97        0.170730   0.195382     7.370     6.072        7.044        7.675        5.250        6.860    0.850    0.033      *
98        0.176904   0.174418     7.469     6.104        7.116        7.809        5.333        6.820    0.867    0.033
99        0.156774   0.203113     6.916     6.241        6.619        7.232        5.464        6.987    0.850    0.050
100       0.165607   0.170453     7.201     6.218        6.872        7.504        5.429        6.948    0.850    0.033
101       0.167476   0.193900     7.002     6.083        6.684        7.329        5.270        6.821    0.833    0.033
102       0.167232   0.207559     7.075     6.051        6.750        7.387        5.259        6.757    0.850    0.033      *
103       0.159906   0.230964     7.073     6.360        6.766        7.384        5.572        7.145    0.850    0.033
104       0.159887   0.183857     6.704     6.211        6.389        7.012        5.395        6.940    0.850    0.033
105       0.155084   0.198780     6.793     6.525        6.463        7.094        5.699        7.286    0.850    0.033
106       0.157919   0.178923     6.937     6.227        6.600        7.236        5.487        6.940    0.850    0.033
107       0.157453   0.190990     6.855     6.237        6.517        7.177        5.485        6.995    0.850    0.033
108       0.157086   0.179298     6.815     6.435        6.486        7.144        5.561        7.187    0.850    0.033
109       0.151586   0.184975     6.634     6.229        6.274        6.957        5.443        6.929    0.850    0.033
110       0.156855   0.207208     6.660     5.838        6.310        6.970        5.077        6.590    0.850    0.033      *
111       0.154273   0.194372     6.430     5.742        6.104        6.724        4.920        6.519    0.850    0.033      *
112       0.150164   0.231943     6.480     5.956        6.166        6.770        5.081        6.652    0.867    0.050
113       0.148118   0.191590     6.426     5.741        6.098        6.737        5.016        6.441    0.850    0.033      *
114       0.141396   0.181889     6.291     5.958        5.981        6.588        5.153        6.689    0.850    0.033
115       0.135734   0.229936     6.115     5.776        5.839        6.405        5.057        6.450    0.850    0.033
116       0.142038   0.177315     6.247     5.728        5.962        6.522        5.003        6.432    0.867    0.033      *
117       0.143024   0.192369     6.148     5.874        5.822        6.415        5.044        6.638    0.850    0.033
118       0.142292   0.173104     6.312     5.865        5.957        6.634        5.132        6.587    0.850    0.033
119       0.144058   0.207808     6.250     6.129        5.935        6.547        5.419        6.826    0.850    0.033
120       0.143929   0.179401     6.266     5.766        5.966        6.558        5.018        6.498    0.833    0.033
121       0.134947   0.195790     6.017     5.791        5.706        6.314        5.050        6.558    0.850    0.033
122       0.142570   0.213731     5.984     5.635        5.673        6.293        4.823        6.382    0.850    0.033      *
123       0.139488   0.168336     6.016     5.570        5.703        6.312        4.774        6.280    0.850    0.033      *
124       0.137354   0.169474     5.960     5.979        5.663        6.241        5.185        6.745    0.867    0.050
125       0.138124   0.162649     5.985     5.845        5.684        6.282        5.065        6.576    0.867    0.050
126       0.143423   0.168823     6.127     5.667        5.794        6.436        4.877        6.387    0.867    0.050
127       0.136325   0.194176     5.961     5.694        5.655        6.277        4.877        6.391    0.867    0.033
128       0.131515   0.217893     5.886     5.804        5.600        6.171        5.016        6.538    0.867    0.033
129       0.141377   0.190583     6.037     5.610        5.719        6.315        4.849        6.280    0.867    0.050
130       0.131427   0.165571     5.829     5.470        5.500        6.127        4.692        6.228    0.867    0.033      *
131       0.129635   0.186322     5.781     5.561        5.494        6.050        4.836        6.278    0.867    0.033
132       0.137690   0.189434     5.904     5.779        5.626        6.200        4.972        6.521    0.867    0.033
133       0.129615   0.184394     5.686     5.556        5.395        5.977        4.763        6.315    0.867    0.033
134       0.133327   0.209252     5.676     5.786        5.388        5.975        4.937        6.579    0.867    0.033
135       0.133986   0.155638     5.760     5.465        5.461        6.038        4.626        6.183    0.867    0.033      *
136       0.131427   0.184164     5.665     5.227        5.376        5.935        4.449        5.985    0.867    0.033      *
137       0.128963   0.185175     5.614     5.567        5.306        5.889        4.767        6.295    0.850    0.033
138       0.127881   0.162756     5.476     5.658        5.201        5.779        4.830        6.445    0.850    0.033
139       0.129042   0.196138     5.620     5.539        5.349        5.907        4.744        6.222    0.850    0.033
140       0.122465   0.196805     5.516     5.456        5.218        5.809        4.672        6.099    0.850    0.033
141       0.123654   0.177159     5.424     5.713        5.122        5.726        4.896        6.455    0.850    0.033
142       0.131106   0.153956     5.604     5.400        5.303        5.891        4.598        6.129    0.850    0.050
143       0.130810   0.192385     5.611     5.471        5.335        5.905        4.635        6.184    0.867    0.050
144       0.120546   0.185532     5.319     5.364        5.056        5.611        4.641        6.052    0.917    0.033
145       0.117718   0.187368     5.114     5.672        4.828        5.386        4.817        6.420    0.967    0.050
146       0.122581   0.198399     5.374     5.469        5.106        5.635        4.752        6.182    0.967    0.033
147       0.121893   0.196930     5.304     5.303        5.017        5.600        4.546        5.993    0.950    0.050
148       0.113294   0.183786     5.031     5.573        4.759        5.294        4.772        6.303    0.967    0.033
149       0.118131   0.161704     5.302     5.324        5.028        5.582        4.579        6.012    0.950    0.033
150       0.122111   0.191482     5.352     5.465        5.050        5.636        4.660        6.198    0.950    0.050
151       0.122052   0.173217     5.363     5.237        5.079        5.652        4.543        5.917    0.933    0.050
152       0.119515   0.189877     5.317     5.361        5.010        5.587        4.559        6.143    0.867    0.050
153       0.123911   0.159906     5.225     5.321        4.936        5.502        4.534        6.136    0.867    0.033
154       0.119015   0.182980     5.217     5.491        4.910        5.498        4.691        6.222    0.867    0.050
155       0.122696   0.182097     5.245     5.415        4.943        5.541        4.651        6.116    0.850    0.033
156       0.118128   0.185948     5.143     5.217        4.874        5.412        4.465        5.892    0.867    0.033      *
157       0.117963   0.175850     5.181     5.440        4.895        5.464        4.707        6.099    0.867    0.050
158       0.114876   0.189560     5.044     5.340        4.749        5.326        4.514        6.060    0.867    0.033
159       0.119776   0.185523     5.120     5.311        4.841        5.373        4.585        5.929    0.867    0.033
160       0.118839   0.175216     5.068     5.298        4.789        5.341        4.533        5.990    0.850    0.033
161       0.116256   0.186951     4.832     5.116        4.566        5.107        4.339        5.804    0.850    0.033      *
162       0.112598   0.154801     4.989     5.105        4.728        5.263        4.421        5.781    0.917    0.050      *
163       0.116946   0.164654     5.083     5.336        4.828        5.348        4.590        6.034    0.950    0.050
164       0.113604   0.172284     5.022     5.121        4.749        5.310        4.301        5.827    0.983    0.050
165       0.112418   0.176968     5.011     5.239        4.726        5.282        4.462        5.989    1.000    0.033
166       0.110529   0.163413     4.799     5.213        4.524        5.060        4.434        5.896    1.017    0.067
167       0.113740   0.166547     4.885     4.917        4.594        5.160        4.208        5.604    1.017    0.050      *
168       0.113705   0.190212     4.913     5.172        4.631        5.186        4.492        5.845    1.000    0.050
169       0.118734   0.165583     4.965     5.177        4.685        5.248        4.365        5.895    0.917    0.050
170       0.113347   0.160605     4.968     5.031        4.693        5.245        4.291        5.707    0.900    0.033
171       0.111173   0.184010     4.851     4.981        4.601        5.126        4.244        5.670    0.850    0.033
172       0.119567   0.194208     5.139     5.370        4.861        5.440        4.583        6.115    0.850    0.050
173       0.116833   0.178013     4.851     5.094        4.563        5.136        4.281        5.817    0.850    0.050
174       0.107143   0.184732     4.663     5.201        4.374        4.917        4.520        5.914    0.850    0.033
175       0.111120   0.163503     4.667     5.110        4.400        4.925        4.344        5.805    0.883    0.033
176       0.112535   0.184003     4.875     5.111        4.594        5.149        4.367        5.783    0.883    0.033
177       0.110745   0.179091     4.717     5.025        4.426        4.984        4.329        5.702    0.867    0.033
178       0.116152   0.169289     4.834     5.013        4.555        5.101        4.248        5.710    0.850    0.033
179       0.102528   0.160307     4.615     4.927        4.359        4.853        4.227        5.583    0.850    0.033
180       0.103713   0.169357     4.580     5.184        4.335        4.818        4.452        5.939    0.850    0.033
181       0.105193   0.193645     4.706     5.030        4.424        4.969        4.347        5.714    0.833    0.033
182       0.103660   0.194545     4.643     5.373        4.326        4.903        4.508        6.134    0.850    0.033
183       0.103435   0.154311     4.557     5.072        4.273        4.791        4.352        5.776    0.850    0.033
184       0.102772   0.189666     4.565     4.811        4.295        4.824        4.059        5.452    0.850    0.033      *
185       0.099598   0.184089     4.404     5.075        4.157        4.648        4.250        5.769    0.850    0.033
186       0.105015   0.203788     4.386     5.033        4.139        4.643        4.230        5.805    0.867    0.033
187       0.107561   0.186343     4.595     4.942        4.306        4.854        4.221        5.611    0.850    0.033
188       0.100641   0.166835     4.514     4.895        4.233        4.787        4.200        5.578    0.883    0.033
189       0.108224   0.150401     4.585     4.859        4.314        4.858        4.187        5.527    0.850    0.033
190       0.105439   0.159312     4.545     4.848        4.304        4.810        4.083        5.510    0.850    0.033
191       0.104428   0.180440     4.425     4.894        4.138        4.700        4.174        5.567    0.850    0.033
192       0.104999   0.188621     4.594     4.928        4.341        4.861        4.204        5.621    0.850    0.033
193       0.106217   0.162518     4.661     5.062        4.389        4.917        4.295        5.750    0.850    0.033
194       0.099178   0.178044     4.556     4.991        4.294        4.833        4.224        5.671    0.850    0.033
195       0.102687   0.187432     4.422     5.178        4.140        4.653        4.453        5.854    0.850    0.033
196       0.103304   0.210185     4.545     4.904        4.254        4.794        4.123        5.520    0.850    0.033
197       0.100616   0.161229     4.452     4.991        4.166        4.712        4.180        5.657    0.850    0.033
198       0.101590   0.204498     4.384     4.802        4.107        4.633        4.101        5.479    0.850    0.033      *
199       0.099824   0.161860     4.312     4.863        4.058        4.569        4.132        5.513    0.850    0.050
200       0.100706   0.182379     4.433     5.160        4.160        4.688        4.337        5.838    0.867    0.033
201       0.106251   0.190492     4.502     4.886        4.248        4.771        4.148        5.577    0.850    0.033
202       0.099217   0.171509     4.343     4.863        4.067        4.618        4.123        5.552    0.850    0.033
203       0.098712   0.186071     4.383     4.876        4.128        4.630        4.142        5.576    0.850    0.033
204       0.098379   0.152582     4.217     4.984        3.975        4.458        4.225        5.699    0.867    0.033
205       0.096520   0.155770     4.227     4.861        3.963        4.484        4.170        5.516    0.833    0.033
206       0.097191   0.168693     4.370     4.911        4.094        4.624        4.236        5.568    0.850    0.033
207       0.099237   0.153936     4.276     5.012        4.038        4.508        4.258        5.694    0.850    0.033
208       0.096087   0.155964     4.196     4.837        3.936        4.436        4.137        5.562    0.850    0.033
209       0.092554   0.181849     4.169     4.992        3.895        4.393        4.250        5.724    0.833    0.033
210       0.098244   0.177169     4.250     4.837        4.008        4.482        4.123        5.477    0.850    0.033
211       0.094649   0.168740     4.137     4.840        3.909        4.368        3.992        5.542    0.850    0.050
212       0.093850   0.182995     4.132     4.903        3.873        4.375        4.225        5.582    0.833    0.033
213       0.102631   0.176756     4.444     4.972        4.191        4.711        4.240        5.735    0.850    0.033
214       0.098851   0.207300     4.274     4.860        4.025        4.537        4.116        5.574    0.833    0.050
215       0.094992   0.173673     4.061     4.917        3.808        4.285        4.170        5.652    0.833    0.033
216       0.097099   0.191802     4.221     4.889        3.938        4.469        4.066        5.550    0.850    0.050
217       0.095398   0.161128     4.205     4.926        3.952        4.457        4.150        5.631    0.850    0.033
218       0.095680   0.164641     4.107     4.906        3.827        4.357        4.171        5.619    0.867    0.050
219       0.095100   0.185716     4.115     4.858        3.858        4.358        4.080        5.503    0.850    0.033
220       0.088758   0.175242     3.940     4.953        3.683        4.170        4.215        5.638    0.867    0.033
221       0.093502   0.196776     4.047     4.887        3.798        4.305        4.190        5.559    0.867    0.033
222       0.093088   0.200654     4.078     4.859        3.820        4.330        4.126        5.525    0.850    0.033
223       0.092363   0.181134     3.984     5.066        3.727        4.239        4.258        5.758    0.867    0.033
224       0.095111   0.171521     4.267     4.892        4.016        4.512        4.157        5.588    0.867    0.033
225       0.095245   0.208785     4.124     4.838        3.849        4.379        4.115        5.493    0.883    0.050
226       0.094680   0.154420     4.104     4.943        3.871        4.362        4.172        5.619    0.867    0.033
227       0.093005   0.164622     4.027     4.912        3.782        4.246        4.108        5.580    0.867    0.033
228       0.093879   0.149266     4.172     4.723        3.921        4.407        4.063        5.384    0.850    0.033      *
229       0.096762   0.191199     4.249     4.807        4.000        4.511        4.045        5.466    0.867    0.050
230       0.097645   0.147286     4.259     4.872        3.998        4.522        4.218        5.507    0.850    0.033
231       0.092129   0.162153     4.020     4.848        3.780        4.254        4.192        5.500    0.883    0.050
232       0.091084   0.156676     4.080     4.740        3.809        4.314        3.975        5.426    0.867    0.033
233       0.091552   0.173437     3.984     5.035        3.729        4.221        4.239        5.738    0.850    0.050
234       0.088402   0.181496     3.793     4.901        3.557        4.022        4.127        5.600    0.833    0.033
235       0.100944   0.191761     4.139     4.983        3.884        4.404        4.311        5.608    0.850    0.033
236       0.090609   0.196141     3.868     4.842        3.623        4.100        4.118        5.524    0.850    0.033
237       0.089901   0.197398     3.811     4.738        3.574        4.052        4.064        5.416    0.850    0.033
238       0.083741   0.160780     3.866     4.890        3.628        4.095        4.167        5.574    0.833    0.033
239       0.093359   0.152345     4.029     5.016        3.789        4.264        4.312        5.739    0.850    0.033
240       0.094026   0.158896     3.986     4.855        3.740        4.241        4.149        5.448    0.850    0.033
241       0.084957   0.198912     3.854     4.872        3.615        4.084        4.111        5.520    0.833    0.033
242       0.091629   0.167691     4.014     4.983        3.749        4.264        4.241        5.703    0.850    0.033
243       0.090424   0.162380     3.991     4.923        3.727        4.262        4.095        5.656    0.850    0.033
244       0.091330   0.158081     4.014     5.071        3.745        4.263        4.365        5.729    0.833    0.033
245       0.095626   0.188090     4.076     4.804        3.806        4.337        4.017        5.485    0.850    0.033
246       0.093619   0.148698     3.956     4.901        3.682        4.207        4.170        5.596    0.850    0.033
247       0.087810   0.184323     3.947     4.883        3.683        4.204        4.142        5.568    0.833    0.033
248       0.091698   0.152695     3.968     4.728        3.708        4.213        3.993        5.369    0.833    0.033
249       0.093505   0.174560     4.030     4.854        3.768        4.293        4.131        5.545    0.850    0.050
250       0.086625   0.181470     3.887     4.837        3.633        4.128        4.138        5.498    0.833    0.033
251       0.086171   0.174370     3.927     4.852        3.673        4.176        4.124        5.480    0.833    0.033
252       0.086183   0.172933     3.746     4.664        3.483        3.988        3.922        5.311    0.850    0.033      *
253       0.093171   0.180204     3.981     4.957        3.714        4.224        4.164        5.679    0.850    0.033
254       0.090745   0.176877     4.020     4.836        3.753        4.277        4.058        5.515    0.850    0.033
255       0.088953   0.195322     3.903     4.813        3.652        4.154        4.100        5.476    0.850    0.033
256       0.088921   0.197197     3.828     4.878        3.579        4.096        4.103        5.525    0.850    0.033
257       0.086906   0.180559     3.884     4.703        3.639        4.122        4.024        5.360    0.850    0.050
258       0.083960   0.169190     3.737     4.673        3.487        3.976        3.906        5.329    0.850    0.033
259       0.092266   0.154630     3.910     4.606        3.653        4.146        3.925        5.276    0.850    0.033      *
260       0.086372   0.204696     3.749     4.951        3.501        3.986        4.254        5.652    0.850    0.033
261       0.091949   0.177784     3.860     4.747        3.624        4.101        4.005        5.358    0.833    0.033
262       0.087887   0.175604     3.905     4.778        3.669        4.153        4.036        5.430    0.850    0.033
263       0.096790   0.188890     4.002     4.835        3.768        4.242        4.100        5.491    0.850    0.033
264       0.086198   0.156264     3.797     4.741        3.532        4.041        4.074        5.381    0.833    0.033
265       0.088758   0.185393     3.894     4.838        3.627        4.159        4.093        5.528    0.850    0.033
266       0.089124   0.195974     3.849     4.768        3.613        4.069        4.120        5.446    0.850    0.033
267       0.086886   0.172406     3.755     4.816        3.513        4.004        4.029        5.459    0.850    0.050
268       0.087886   0.194832     3.900     4.870        3.656        4.132        4.105        5.506    0.833    0.033
269       0.088241   0.157041     3.905     4.628        3.636        4.143        3.954        5.261    0.850    0.033
270       0.081805   0.169728     3.745     4.719        3.499        3.988        3.940        5.355    0.850    0.033
271       0.084585   0.168539     3.672     4.853        3.431        3.899        4.139        5.503    0.850    0.033
272       0.087255   0.159773     3.854     4.797        3.604        4.092        4.068        5.420    0.850    0.050
273       0.082906   0.165939     3.790     4.859        3.542        4.006        4.223        5.506    0.833    0.033
274       0.084323   0.187643     3.820     4.944        3.582        4.069        4.204        5.607    0.850    0.033
275       0.083533   0.151970     3.701     4.762        3.464        3.934        4.039        5.414    0.850    0.033
276       0.081569   0.172252     3.707     5.084        3.476        3.915        4.267        5.788    0.850    0.050
277       0.085694   0.153293     3.709     4.849        3.489        3.932        4.088        5.498    0.833    0.033
278       0.085045   0.178026     3.810     4.854        3.555        4.049        4.080        5.603    0.850    0.033
279       0.089241   0.184530     3.752     4.912        3.489        3.984        4.240        5.609    0.850    0.033
280       0.084189   0.182477     3.750     4.987        3.491        3.991        4.263        5.677    0.850    0.033
281       0.082293   0.148320     3.673     4.701        3.422        3.892        4.014        5.314    0.850    0.033
282       0.081473   0.167406     3.480     4.718        3.242        3.695        4.009        5.391    0.850    0.033
283       0.084528   0.163936     3.710     4.722        3.444        3.961        3.997        5.374    0.833    0.033
284       0.082020   0.190922     3.641     4.580        3.399        3.871        3.924        5.230    0.833    0.033      *
285       0.077840   0.155217     3.423     4.656        3.194        3.636        3.969        5.295    0.833    0.033
286       0.079440   0.155369     3.595     4.634        3.355        3.836        3.897        5.352    0.850    0.033
287       0.087183   0.167773     3.640     4.682        3.393        3.877        4.024        5.357    0.850    0.050
288       0.082436   0.169002     3.628     4.787        3.378        3.867        4.102        5.432    0.833    0.033
289       0.081241   0.207839     3.544     4.753        3.287        3.768        4.088        5.407    0.850    0.033
290       0.081544   0.192031     3.657     4.836        3.395        3.907        4.089        5.496    0.850    0.033
291       0.089573   0.183498     3.651     4.808        3.405        3.880        4.048        5.474    0.850    0.033
292       0.081729   0.186739     3.592     4.609        3.308        3.838        3.885        5.208    0.850    0.033
293       0.085515   0.165465     3.653     4.707        3.408        3.881        3.974        5.399    0.833    0.033
294       0.081110   0.177082     3.524     4.719        3.303        3.741        3.980        5.401    0.850    0.050
295       0.079020   0.152488     3.554     4.661        3.330        3.797        3.952        5.314    0.850    0.050
296       0.082827   0.179426     3.693     4.572        3.440        3.921        3.852        5.308    0.850    0.033      *
297       0.086898   0.236088     3.671     4.924        3.408        3.913        4.196        5.646    0.850    0.033
298       0.081006   0.177358     3.487     4.862        3.253        3.705        4.162        5.526    0.850    0.050
299       0.088037   0.163381     3.860     4.683        3.600        4.100        4.014        5.327    0.833    0.033
300       0.078804   0.180941     3.495     4.762        3.263        3.706        4.015        5.389    0.850    0.033
301       0.080272   0.176145     3.519     4.767        3.278        3.752        3.992        5.475    0.850    0.033
302       0.081232   0.180644     3.536     4.935        3.298        3.774        4.131        5.678    0.833    0.033
303       0.078861   0.157469     3.624     4.815        3.364        3.863        4.087        5.431    0.850    0.033
304       0.077715   0.208933     3.506     4.706        3.246        3.754        4.010        5.365    0.850    0.033
305       0.082573   0.168037     3.535     4.628        3.297        3.756        3.946        5.242    0.850    0.033
306       0.077386   0.207516     3.495     4.883        3.262        3.728        4.181        5.532    0.833    0.033
307       0.080757   0.176639     3.477     4.763        3.220        3.703        4.036        5.424    0.850    0.033
308       0.079744   0.193757     3.615     4.824        3.365        3.850        4.015        5.460    0.850    0.033
309       0.083500   0.172021     3.640     4.916        3.390        3.870        4.165        5.630    0.850    0.033
310       0.083333   0.184629     3.572     4.714        3.339        3.795        3.899        5.405    0.850    0.033
311       0.082778   0.195639     3.633     4.762        3.389        3.864        4.046        5.479    0.850    0.033
312       0.082965   0.185329     3.645     4.874        3.406        3.894        4.115        5.543    0.850    0.033
313       0.074207   0.195087     3.296     4.835        3.077        3.504        4.151        5.539    0.833    0.033
314       0.081436   0.180946     3.583     4.844        3.353        3.798        4.174        5.480    0.850    0.033
315       0.078819   0.190615     3.476     4.932        3.256        3.681        4.216        5.666    0.850    0.033
316       0.086724   0.211451     3.627     4.793        3.405        3.857        4.142        5.413    0.850    0.033
317       0.080145   0.201802     3.570     4.812        3.312        3.808        4.052        5.477    0.850    0.050
318       0.085130   0.171920     3.456     4.811        3.251        3.689        4.065        5.465    0.850    0.033
319       0.080615   0.191957     3.467     4.657        3.212        3.730        3.955        5.336    0.850    0.033
320       0.076829   0.159518     3.445     4.722        3.190        3.678        4.045        5.425    0.850    0.033
321       0.074736   0.162463     3.529     4.842        3.279        3.757        4.050        5.488    0.867    0.033
322       0.079353   0.201313     3.501     4.738        3.275        3.706        4.023        5.445    0.850    0.033
323       0.077418   0.173093     3.480     4.714        3.271        3.684        4.013        5.327    0.850    0.033
324       0.081802   0.150644     3.495     4.613        3.247        3.720        3.890        5.279    0.850    0.033
325       0.082317   0.171575     3.470     4.792        3.238        3.690        4.030        5.434    0.850    0.033
326       0.074149   0.175602     3.455     4.658        3.210        3.682        3.970        5.360    0.833    0.033
327       0.080523   0.167482     3.478     4.627        3.245        3.694        3.926        5.288    0.850    0.033
328       0.077938   0.204049     3.569     4.915        3.332        3.807        4.173        5.632    0.850    0.033
329       0.083639   0.174188     3.569     4.757        3.324        3.799        4.064        5.375    0.867    0.033
330       0.082043   0.158439     3.635     4.780        3.380        3.867        3.987        5.483    0.850    0.033
331       0.074164   0.177016     3.412     4.783        3.170        3.638        4.041        5.448    0.850    0.033
332       0.079311   0.150260     3.575     4.583        3.344        3.798        3.933        5.241    0.850    0.033
333       0.078349   0.204323     3.387     4.816        3.145        3.623        4.129        5.495    0.850    0.033
334       0.077106   0.156693     3.441     4.683        3.216        3.692        3.957        5.335    0.850    0.033
335       0.081077   0.179740     3.592     4.822        3.323        3.828        4.128        5.501    0.850    0.033
336       0.078412   0.189275     3.447     4.749        3.199        3.668        4.048        5.420    0.850    0.033
337       0.080052   0.154497     3.524     4.653        3.299        3.749        3.912        5.350    0.850    0.050
338       0.078439   0.172375     3.435     4.727        3.214        3.668        3.997        5.418    0.850    0.033
339       0.074620   0.191144     3.310     4.778        3.095        3.513        4.052        5.419    0.850    0.033
340       0.078429   0.162806     3.367     4.777        3.134        3.567        4.018        5.445    0.850    0.033
341       0.073996   0.205130     3.365     4.733        3.124        3.594        4.019        5.402    0.850    0.033
342       0.078568   0.162555     3.401     4.569        3.151        3.636        3.840        5.277    0.850    0.033      *
343       0.080788   0.182058     3.548     4.811        3.310        3.764        4.087        5.473    0.850    0.050
344       0.079356   0.183819     3.435     4.717        3.211        3.655        4.049        5.368    0.833    0.033
345       0.075120   0.190679     3.374     4.733        3.146        3.598        3.979        5.388    0.850    0.050
346       0.081432   0.183254     3.552     4.579        3.301        3.787        3.898        5.174    0.850    0.033
347       0.074132   0.171941     3.330     4.733        3.094        3.564        4.037        5.394    0.850    0.033
348       0.078422   0.145413     3.468     4.721        3.211        3.695        3.980        5.435    0.850    0.033
349       0.076834   0.203410     3.423     4.660        3.195        3.644        3.925        5.358    0.850    0.033
350       0.078007   0.152312     3.404     4.623        3.179        3.626        3.955        5.257    0.850    0.033
351       0.080728   0.165828     3.462     4.674        3.237        3.695        3.905        5.312    0.850    0.033
352       0.085189   0.148890     3.637     4.683        3.395        3.870        4.063        5.351    0.850    0.033
353       0.080343   0.174996     3.566     4.702        3.316        3.793        4.018        5.300    0.850    0.050
354       0.085980   0.196392     3.637     4.664        3.394        3.862        4.003        5.290    0.850    0.033
355       0.073691   0.149441     3.396     4.626        3.155        3.604        4.017        5.252    0.850    0.033
356       0.076542   0.154220     3.421     4.654        3.177        3.646        3.884        5.344    0.850    0.050
357       0.076927   0.190376     3.337     4.453        3.112        3.564        3.781        5.035    0.850    0.033      *
358       0.075027   0.193202     3.201     4.816        2.979        3.412        4.066        5.454    0.850    0.050
359       0.082990   0.160718     3.586     4.746        3.327        3.818        4.014        5.340    0.850    0.050
360       0.073315   0.184589     3.319     4.898        3.083        3.549        4.156        5.583    0.850    0.033
361       0.074955   0.173658     3.314     4.845        3.107        3.516        4.071        5.535    0.850    0.033
362       0.077178   0.186260     3.397     4.802        3.133        3.633        4.060        5.480    0.850    0.033
363       0.081750   0.178957     3.487     4.796        3.264        3.721        4.052        5.473    0.833    0.033
364       0.076970   0.194003     3.525     4.780        3.297        3.759        4.024        5.412    0.850    0.050
365       0.078786   0.193095     3.444     4.753        3.222        3.669        4.017        5.334    0.850    0.033
366       0.075081   0.193691     3.309     4.721        3.070        3.515        4.028        5.428    0.833    0.033
367       0.081121   0.168111     3.587     4.577        3.345        3.813        3.824        5.229    0.850    0.033
368       0.071806   0.164994     3.312     4.701        3.088        3.533        4.044        5.343    0.850    0.033
369       0.076941   0.178099     3.378     4.684        3.131        3.599        3.949        5.345    0.850    0.033
370       0.078095   0.176423     3.299     4.668        3.065        3.521        3.961        5.340    0.833    0.033
371       0.076434   0.159516     3.333     4.594        3.101        3.575        3.858        5.287    0.850    0.050
372       0.085325   0.181695     3.510     4.802        3.276        3.728        4.085        5.468    0.833    0.033
373       0.077643   0.218355     3.380     4.703        3.156        3.602        3.963        5.405    0.850    0.050
374       0.076521   0.177175     3.243     4.731        3.009        3.473        4.017        5.376    0.850    0.033
375       0.077048   0.204610     3.345     4.678        3.115        3.548        3.983        5.300    0.850    0.033
376       0.075263   0.184524     3.354     4.618        3.116        3.584        3.873        5.275    0.850    0.033
377       0.078870   0.201759     3.312     4.717        3.074        3.541        4.013        5.422    0.850    0.033
378       0.075575   0.165405     3.389     4.668        3.147        3.630        4.034        5.286    0.850    0.050
379       0.074469   0.158867     3.173     4.723        2.948        3.380        4.011        5.382    0.850    0.033
380       0.073887   0.156793     3.409     4.591        3.193        3.622        3.918        5.249    0.850    0.033
381       0.077075   0.194420     3.481     4.842        3.235        3.727        4.027        5.535    0.850    0.033
382       0.079797   0.156991     3.396     4.668        3.170        3.620        3.937        5.278    0.850    0.033
383       0.075184   0.158117     3.258     4.564        3.019        3.489        3.843        5.168    0.850    0.033
384       0.073389   0.172180     3.295     4.742        3.059        3.532        4.021        5.342    0.850    0.033
385       0.074404   0.189462     3.307     4.789        3.073        3.521        4.018        5.434    0.833    0.033
386       0.080922   0.174599     3.524     4.757        3.281        3.764        3.987        5.408    0.850    0.033
387       0.075660   0.182003     3.341     4.498        3.100        3.578        3.795        5.133    0.833    0.033
388       0.077576   0.152879     3.263     4.734        3.033        3.509        4.018        5.388    0.867    0.033
389       0.071276   0.191705     3.193     4.657        2.971        3.405        3.955        5.309    0.833    0.033
390       0.074771   0.173343     3.270     4.608        3.030        3.497        3.884        5.258    0.850    0.033
391       0.074283   0.151775     3.243     4.727        3.033        3.452        4.078        5.389    0.850    0.033
392       0.073658   0.178832     3.397     4.729        3.188        3.622        4.024        5.412    0.850    0.033
393       0.073175   0.207749     3.265     4.809        3.047        3.482        4.081        5.450    0.850    0.033
394       0.078633   0.171560     3.384     4.602        3.157        3.612        3.934        5.236    0.833    0.033
395       0.074042   0.179738     3.196     4.622        2.973        3.405        3.932        5.270    0.850    0.033
396       0.072500   0.164248     3.399     4.594        3.147        3.627        3.873        5.219    0.833    0.033
397       0.070547   0.174950     3.153     4.684        2.937        3.351        3.999        5.359    0.850    0.033
398       0.074290   0.182303     3.298     4.587        3.033        3.529        3.910        5.232    0.850    0.033
399       0.075026   0.198367     3.243     4.635        3.028        3.450        3.868        5.264    0.850    0.050
400     863665344777158703768089395200.000000   0.183406     3.402     4.517        3.185        3.627        3.807        5.162    0.833    0.033
401       0.074060   0.160722     3.232     4.854        2.967        3.453        4.158        5.505    0.850    0.033
402       0.074475   0.174800     3.338     4.908        3.108        3.541        4.171        5.620    0.850    0.033
403       0.077742   0.172528     3.443     4.644        3.209        3.671        3.904        5.284    0.850    0.033
404       0.075888   0.192446     3.256     4.861        3.031        3.481        4.123        5.579    0.833    0.033
405       0.076745   0.150458     3.419     4.596        3.183        3.662        3.881        5.230    0.850    0.033
406       0.072527   0.162069     3.335     4.654        3.102        3.565        3.937        5.277    0.850    0.050
407       0.075843   0.166569     3.296     4.734        3.067        3.520        4.039        5.365    0.850    0.033
408       0.075656   0.165950     3.388     4.678        3.134        3.622        3.906        5.309    0.833    0.033
409       0.073473   0.147631     3.337     4.567        3.114        3.573        3.903        5.155    0.850    0.033
410       0.072252   0.198739     3.220     4.610        2.991        3.439        3.895        5.244    0.850    0.033
411       0.072965   0.172718     3.358     4.639        3.128        3.612        3.946        5.306    0.850    0.033
412       0.075083   0.194585     3.375     4.723        3.147        3.612        4.040        5.357    0.850    0.033
413       0.076529   0.171549     3.407     4.542        3.158        3.650        3.867        5.249    0.850    0.033
414       0.075867   0.152312     3.253     4.602        2.999        3.473        3.909        5.244    0.850    0.050
415       0.078107   0.155740     3.410     4.624        3.149        3.640        3.903        5.266    0.850    0.033
416       0.071762   0.202582     3.223     4.584        3.001        3.451        3.918        5.253    0.850    0.033
417       0.074024   0.193754     3.312     4.614        3.084        3.545        3.908        5.239    0.867    0.033
418       0.079097   0.176880     3.337     4.546        3.103        3.570        3.874        5.158    0.850    0.033
419       0.077673   0.144919     3.398     4.568        3.147        3.648        3.796        5.207    0.850    0.033
420       0.079065   0.191110     3.348     4.642        3.110        3.583        3.900        5.299    0.850    0.033
421       0.072093   0.165344     3.287     4.648        3.053        3.489        3.974        5.319    0.850    0.033
422       0.076448   0.155177     3.267     4.743        3.027        3.492        3.996        5.408    0.833    0.033
423       0.074724   0.177768     3.254     4.542        3.039        3.476        3.807        5.152    0.850    0.050
424       0.074999   0.167505     3.441     4.609        3.186        3.675        3.895        5.261    0.850    0.033
425       0.069335   0.165705     3.221     4.590        2.994        3.430        3.979        5.146    0.850    0.033
426       0.073686   0.195251     3.316     4.645        3.075        3.528        3.888        5.304    0.850    0.033
427       0.076505   0.185773     3.338     4.628        3.088        3.578        3.980        5.250    0.850    0.033
428       0.075010   0.160912     3.276     4.628        3.044        3.506        3.869        5.251    0.850    0.033
429       0.073986   0.159516     3.172     4.708        2.944        3.378        4.000        5.396    0.850    0.033
430       0.070694   0.191087     3.173     4.597        2.940        3.395        3.928        5.232    0.850    0.033
431       0.072874   0.166747     3.149     4.594        2.919        3.358        3.972        5.221    0.850    0.033
432       0.072254   0.177323     3.221     4.523        2.984        3.444        3.827        5.137    0.850    0.033
433       0.079330   0.159223     3.274     4.646        3.037        3.489        3.985        5.238    0.850    0.033
434       0.076657   0.161199     3.400     4.608        3.175        3.619        3.955        5.256    0.850    0.033
435       0.076699   0.169747     3.260     4.476        3.005        3.471        3.843        5.142    0.850    0.033
436       0.072309   0.210480     3.216     4.623        2.985        3.430        3.878        5.262    0.850    0.033
437       0.072635   0.184296     3.183     4.579        2.944        3.395        3.940        5.244    0.833    0.033
438       0.074192   0.177949     3.201     4.625        2.969        3.420        3.918        5.268    0.850    0.050
439       0.072067   0.189089     3.063     4.682        2.852        3.255        4.018        5.286    0.850    0.033
440       0.072949   0.171743     3.108     4.569        2.867        3.326        3.854        5.196    0.833    0.033
441       0.072707   0.187499     3.208     4.615        2.966        3.434        3.860        5.302    0.850    0.033
442       0.070261   0.177527     3.179     4.738        2.958        3.398        4.010        5.377    0.850    0.033
443       0.073908   0.186357     3.179     4.936        2.941        3.404        4.226        5.605    0.833    0.033
444       0.069197   0.148555     3.138     4.679        2.941        3.343        3.990        5.286    0.850    0.033
445       0.073993   0.189907     3.175     4.663        2.964        3.381        3.949        5.289    0.850    0.033
446       0.076225   0.145349     3.417     4.497        3.175        3.653        3.814        5.127    0.850    0.033
447       0.078174   0.142608     3.457     4.662        3.210        3.688        3.959        5.320    0.850    0.033
448       0.079162   0.175452     3.476     4.551        3.212        3.709        3.854        5.273    0.850    0.033
449       0.074722   0.168818     3.235     4.564        3.017        3.455        3.824        5.211    0.850    0.033
450       0.071016   0.152216     3.198     4.659        2.984        3.422        3.982        5.248    0.850    0.033
451       0.072965   0.181892     3.348     4.687        3.107        3.566        3.982        5.334    0.850    0.050
452       0.075400   0.161064     3.246     4.524        3.009        3.501        3.865        5.140    0.850    0.033
453       0.071782   0.185981     3.086     4.574        2.864        3.286        3.865        5.205    0.867    0.033
454       0.078869   0.161068     3.281     4.605        3.040        3.502        3.905        5.214    0.867    0.033
455       0.074899   0.178361     3.270     4.555        3.039        3.501        3.847        5.184    0.850    0.033
456       0.070358   0.148529     3.229     4.527        2.999        3.443        3.853        5.173    0.867    0.033
457       0.073071   0.203218     3.260     4.484        3.023        3.480        3.806        5.076    0.850    0.033
